      1.40000000       1.40000000       0.00000000       0.00000000       0.00000000
      1.40000000       1.90000000       0.00000000       0.00000000       0.00000000
      1.40000000       2.40000000       0.00000000       0.00000000       0.00000000
      1.40000000       2.90000000       0.00000000       0.00000000       0.00000000
      1.40000000       3.40000000       0.00000000       0.00000000       0.00000000
      1.40000000       3.90000000       0.00000000       0.00000000       0.00000000
      1.40000000       4.40000000       0.00000000       0.00000000       0.00000000
      1.40000000       4.90000000       0.00000000       0.00000000       0.00000000
      1.40000000       5.40000000       0.00000000       0.00000000       0.00000000
      1.40000000       5.90000000       0.00000000       0.00000000       0.00000000
      1.40000000       6.40000000       0.00000000       0.00000000       0.00000000
      1.40000000       6.90000000       0.00000000       0.00000000       0.00000000
      1.40000000       7.40000000       0.00000000       0.00000000       0.00000000
      1.40000000       7.90000000       0.00000000       0.00000000       0.00000000
      1.40000000       8.40000000       0.00000000       0.00000000       0.00000000
      1.40000000       8.90000000       0.00000000       0.00000000       0.00000000
      1.40000000       9.40000000       0.00000000       0.00000000       0.00000000
      1.40000000       9.90000000       0.00000000       0.00000000       0.00000000

      1.90000000       1.40000000       0.00000000       0.00000000       0.00000000
      1.90000000       1.90000000       0.00000000       0.00000000       0.00000000
      1.90000000       2.40000000       0.00000000       0.00000000       0.00000000
      1.90000000       2.90000000       0.00000000       0.00000000       0.00000000
      1.90000000       3.40000000       0.00000000       0.00000000       0.00000000
      1.90000000       3.90000000       0.00000000       0.00000000       0.00000000
      1.90000000       4.40000000       0.00000000       0.00000000       0.00000000
      1.90000000       4.90000000       0.00000000       0.00000000       0.00000000
      1.90000000       5.40000000       0.00000000       0.00000000       0.00000000
      1.90000000       5.90000000       0.00000000       0.00000000       0.00000000
      1.90000000       6.40000000       0.00000000       0.00000000       0.00000000
      1.90000000       6.90000000       0.00000000       0.00000000       0.00000000
      1.90000000       7.40000000       0.00000000       0.00000000       0.00000000
      1.90000000       7.90000000       0.00000000       0.00000000       0.00000000
      1.90000000       8.40000000       0.00000000       0.00000000       0.00000000
      1.90000000       8.90000000       0.00000000       0.00000000       0.00000000
      1.90000000       9.40000000       0.00000000       0.00000000       0.00000000
      1.90000000       9.90000000       0.00000000       0.00000000       0.00000000

      2.40000000       1.40000000       0.00000000       0.00000000       0.00000000
      2.40000000       1.90000000       0.00000000       0.00000000       0.00000000
      2.40000000       2.40000000     125.87243993     229.38517441       4.00000000
      2.40000000       2.90000000     141.76037427     225.78940065      39.00000000
      2.40000000       3.40000000     147.67092484     229.12655413      28.00000000
      2.40000000       3.90000000     154.49651496     235.09370794      10.00000000
      2.40000000       4.40000000     143.92597950     233.96712653       3.00000000
      2.40000000       4.90000000       0.00000000       0.00000000       0.00000000
      2.40000000       5.40000000       0.00000000       0.00000000       0.00000000
      2.40000000       5.90000000       0.00000000       0.00000000       0.00000000
      2.40000000       6.40000000       0.00000000       0.00000000       0.00000000
      2.40000000       6.90000000       0.00000000       0.00000000       0.00000000
      2.40000000       7.40000000       0.00000000       0.00000000       0.00000000
      2.40000000       7.90000000       0.00000000       0.00000000       0.00000000
      2.40000000       8.40000000       0.00000000       0.00000000       0.00000000
      2.40000000       8.90000000       0.00000000       0.00000000       0.00000000
      2.40000000       9.40000000       0.00000000       0.00000000       0.00000000
      2.40000000       9.90000000       0.00000000       0.00000000       0.00000000

      2.90000000       1.40000000       0.00000000       0.00000000       0.00000000
      2.90000000       1.90000000       0.00000000       0.00000000       0.00000000
      2.90000000       2.40000000     131.32012580     230.99931489       5.00000000
      2.90000000       2.90000000     141.91506571     228.50653921      26.00000000
      2.90000000       3.40000000     152.40359409     233.74584430      15.00000000
      2.90000000       3.90000000     154.86458984     236.20984269       4.00000000
      2.90000000       4.40000000       0.00000000       0.00000000       0.00000000
      2.90000000       4.90000000       0.00000000       0.00000000       0.00000000
      2.90000000       5.40000000       0.00000000       0.00000000       0.00000000
      2.90000000       5.90000000       0.00000000       0.00000000       0.00000000
      2.90000000       6.40000000       0.00000000       0.00000000       0.00000000
      2.90000000       6.90000000       0.00000000       0.00000000       0.00000000
      2.90000000       7.40000000       0.00000000       0.00000000       0.00000000
      2.90000000       7.90000000       0.00000000       0.00000000       0.00000000
      2.90000000       8.40000000       0.00000000       0.00000000       0.00000000
      2.90000000       8.90000000       0.00000000       0.00000000       0.00000000
      2.90000000       9.40000000       0.00000000       0.00000000       0.00000000
      2.90000000       9.90000000       0.00000000       0.00000000       0.00000000

      3.40000000       1.40000000       0.00000000       0.00000000       0.00000000
      3.40000000       1.90000000       0.00000000       0.00000000       0.00000000
      3.40000000       2.40000000     140.56196915     234.77218040       5.00000000
      3.40000000       2.90000000     126.76073991     218.58061126       6.00000000
      3.40000000       3.40000000     163.24143247     229.83081570       3.00000000
      3.40000000       3.90000000       0.00000000       0.00000000       0.00000000
      3.40000000       4.40000000       0.00000000       0.00000000       0.00000000
      3.40000000       4.90000000       0.00000000       0.00000000       0.00000000
      3.40000000       5.40000000       0.00000000       0.00000000       0.00000000
      3.40000000       5.90000000       0.00000000       0.00000000       0.00000000
      3.40000000       6.40000000       0.00000000       0.00000000       0.00000000
      3.40000000       6.90000000       0.00000000       0.00000000       0.00000000
      3.40000000       7.40000000       0.00000000       0.00000000       0.00000000
      3.40000000       7.90000000       0.00000000       0.00000000       0.00000000
      3.40000000       8.40000000       0.00000000       0.00000000       0.00000000
      3.40000000       8.90000000       0.00000000       0.00000000       0.00000000
      3.40000000       9.40000000       0.00000000       0.00000000       0.00000000
      3.40000000       9.90000000       0.00000000       0.00000000       0.00000000

      3.90000000       1.40000000       0.00000000       0.00000000       0.00000000
      3.90000000       1.90000000       0.00000000       0.00000000       0.00000000
      3.90000000       2.40000000     111.31900460     229.48896328       1.00000000
      3.90000000       2.90000000     135.89677554     219.53468657       1.00000000
      3.90000000       3.40000000       0.00000000       0.00000000       0.00000000
      3.90000000       3.90000000       0.00000000       0.00000000       0.00000000
      3.90000000       4.40000000       0.00000000       0.00000000       0.00000000
      3.90000000       4.90000000       0.00000000       0.00000000       0.00000000
      3.90000000       5.40000000       0.00000000       0.00000000       0.00000000
      3.90000000       5.90000000       0.00000000       0.00000000       0.00000000
      3.90000000       6.40000000       0.00000000       0.00000000       0.00000000
      3.90000000       6.90000000       0.00000000       0.00000000       0.00000000
      3.90000000       7.40000000       0.00000000       0.00000000       0.00000000
      3.90000000       7.90000000       0.00000000       0.00000000       0.00000000
      3.90000000       8.40000000       0.00000000       0.00000000       0.00000000
      3.90000000       8.90000000       0.00000000       0.00000000       0.00000000
      3.90000000       9.40000000       0.00000000       0.00000000       0.00000000
      3.90000000       9.90000000       0.00000000       0.00000000       0.00000000

      4.40000000       1.40000000       0.00000000       0.00000000       0.00000000
      4.40000000       1.90000000       0.00000000       0.00000000       0.00000000
      4.40000000       2.40000000       0.00000000       0.00000000       0.00000000
      4.40000000       2.90000000       0.00000000       0.00000000       0.00000000
      4.40000000       3.40000000       0.00000000       0.00000000       0.00000000
      4.40000000       3.90000000       0.00000000       0.00000000       0.00000000
      4.40000000       4.40000000       0.00000000       0.00000000       0.00000000
      4.40000000       4.90000000       0.00000000       0.00000000       0.00000000
      4.40000000       5.40000000       0.00000000       0.00000000       0.00000000
      4.40000000       5.90000000       0.00000000       0.00000000       0.00000000
      4.40000000       6.40000000       0.00000000       0.00000000       0.00000000
      4.40000000       6.90000000       0.00000000       0.00000000       0.00000000
      4.40000000       7.40000000       0.00000000       0.00000000       0.00000000
      4.40000000       7.90000000       0.00000000       0.00000000       0.00000000
      4.40000000       8.40000000       0.00000000       0.00000000       0.00000000
      4.40000000       8.90000000       0.00000000       0.00000000       0.00000000
      4.40000000       9.40000000       0.00000000       0.00000000       0.00000000
      4.40000000       9.90000000       0.00000000       0.00000000       0.00000000

      4.90000000       1.40000000       0.00000000       0.00000000       0.00000000
      4.90000000       1.90000000       0.00000000       0.00000000       0.00000000
      4.90000000       2.40000000       0.00000000       0.00000000       0.00000000
      4.90000000       2.90000000       0.00000000       0.00000000       0.00000000
      4.90000000       3.40000000       0.00000000       0.00000000       0.00000000
      4.90000000       3.90000000       0.00000000       0.00000000       0.00000000
      4.90000000       4.40000000       0.00000000       0.00000000       0.00000000
      4.90000000       4.90000000       0.00000000       0.00000000       0.00000000
      4.90000000       5.40000000       0.00000000       0.00000000       0.00000000
      4.90000000       5.90000000       0.00000000       0.00000000       0.00000000
      4.90000000       6.40000000       0.00000000       0.00000000       0.00000000
      4.90000000       6.90000000       0.00000000       0.00000000       0.00000000
      4.90000000       7.40000000       0.00000000       0.00000000       0.00000000
      4.90000000       7.90000000       0.00000000       0.00000000       0.00000000
      4.90000000       8.40000000       0.00000000       0.00000000       0.00000000
      4.90000000       8.90000000       0.00000000       0.00000000       0.00000000
      4.90000000       9.40000000       0.00000000       0.00000000       0.00000000
      4.90000000       9.90000000       0.00000000       0.00000000       0.00000000

      5.40000000       1.40000000       0.00000000       0.00000000       0.00000000
      5.40000000       1.90000000       0.00000000       0.00000000       0.00000000
      5.40000000       2.40000000       0.00000000       0.00000000       0.00000000
      5.40000000       2.90000000       0.00000000       0.00000000       0.00000000
      5.40000000       3.40000000       0.00000000       0.00000000       0.00000000
      5.40000000       3.90000000       0.00000000       0.00000000       0.00000000
      5.40000000       4.40000000       0.00000000       0.00000000       0.00000000
      5.40000000       4.90000000       0.00000000       0.00000000       0.00000000
      5.40000000       5.40000000       0.00000000       0.00000000       0.00000000
      5.40000000       5.90000000       0.00000000       0.00000000       0.00000000
      5.40000000       6.40000000       0.00000000       0.00000000       0.00000000
      5.40000000       6.90000000       0.00000000       0.00000000       0.00000000
      5.40000000       7.40000000       0.00000000       0.00000000       0.00000000
      5.40000000       7.90000000       0.00000000       0.00000000       0.00000000
      5.40000000       8.40000000       0.00000000       0.00000000       0.00000000
      5.40000000       8.90000000       0.00000000       0.00000000       0.00000000
      5.40000000       9.40000000       0.00000000       0.00000000       0.00000000
      5.40000000       9.90000000       0.00000000       0.00000000       0.00000000

      5.90000000       1.40000000       0.00000000       0.00000000       0.00000000
      5.90000000       1.90000000       0.00000000       0.00000000       0.00000000
      5.90000000       2.40000000       0.00000000       0.00000000       0.00000000
      5.90000000       2.90000000       0.00000000       0.00000000       0.00000000
      5.90000000       3.40000000       0.00000000       0.00000000       0.00000000
      5.90000000       3.90000000       0.00000000       0.00000000       0.00000000
      5.90000000       4.40000000       0.00000000       0.00000000       0.00000000
      5.90000000       4.90000000       0.00000000       0.00000000       0.00000000
      5.90000000       5.40000000       0.00000000       0.00000000       0.00000000
      5.90000000       5.90000000       0.00000000       0.00000000       0.00000000
      5.90000000       6.40000000       0.00000000       0.00000000       0.00000000
      5.90000000       6.90000000       0.00000000       0.00000000       0.00000000
      5.90000000       7.40000000       0.00000000       0.00000000       0.00000000
      5.90000000       7.90000000       0.00000000       0.00000000       0.00000000
      5.90000000       8.40000000       0.00000000       0.00000000       0.00000000
      5.90000000       8.90000000       0.00000000       0.00000000       0.00000000
      5.90000000       9.40000000       0.00000000       0.00000000       0.00000000
      5.90000000       9.90000000       0.00000000       0.00000000       0.00000000

      6.40000000       1.40000000       0.00000000       0.00000000       0.00000000
      6.40000000       1.90000000       0.00000000       0.00000000       0.00000000
      6.40000000       2.40000000       0.00000000       0.00000000       0.00000000
      6.40000000       2.90000000       0.00000000       0.00000000       0.00000000
      6.40000000       3.40000000       0.00000000       0.00000000       0.00000000
      6.40000000       3.90000000       0.00000000       0.00000000       0.00000000
      6.40000000       4.40000000       0.00000000       0.00000000       0.00000000
      6.40000000       4.90000000       0.00000000       0.00000000       0.00000000
      6.40000000       5.40000000       0.00000000       0.00000000       0.00000000
      6.40000000       5.90000000       0.00000000       0.00000000       0.00000000
      6.40000000       6.40000000       0.00000000       0.00000000       0.00000000
      6.40000000       6.90000000       0.00000000       0.00000000       0.00000000
      6.40000000       7.40000000       0.00000000       0.00000000       0.00000000
      6.40000000       7.90000000       0.00000000       0.00000000       0.00000000
      6.40000000       8.40000000       0.00000000       0.00000000       0.00000000
      6.40000000       8.90000000       0.00000000       0.00000000       0.00000000
      6.40000000       9.40000000       0.00000000       0.00000000       0.00000000
      6.40000000       9.90000000       0.00000000       0.00000000       0.00000000

      6.90000000       1.40000000       0.00000000       0.00000000       0.00000000
      6.90000000       1.90000000       0.00000000       0.00000000       0.00000000
      6.90000000       2.40000000       0.00000000       0.00000000       0.00000000
      6.90000000       2.90000000       0.00000000       0.00000000       0.00000000
      6.90000000       3.40000000       0.00000000       0.00000000       0.00000000
      6.90000000       3.90000000       0.00000000       0.00000000       0.00000000
      6.90000000       4.40000000       0.00000000       0.00000000       0.00000000
      6.90000000       4.90000000       0.00000000       0.00000000       0.00000000
      6.90000000       5.40000000       0.00000000       0.00000000       0.00000000
      6.90000000       5.90000000       0.00000000       0.00000000       0.00000000
      6.90000000       6.40000000       0.00000000       0.00000000       0.00000000
      6.90000000       6.90000000       0.00000000       0.00000000       0.00000000
      6.90000000       7.40000000       0.00000000       0.00000000       0.00000000
      6.90000000       7.90000000       0.00000000       0.00000000       0.00000000
      6.90000000       8.40000000       0.00000000       0.00000000       0.00000000
      6.90000000       8.90000000       0.00000000       0.00000000       0.00000000
      6.90000000       9.40000000       0.00000000       0.00000000       0.00000000
      6.90000000       9.90000000       0.00000000       0.00000000       0.00000000

      7.40000000       1.40000000       0.00000000       0.00000000       0.00000000
      7.40000000       1.90000000       0.00000000       0.00000000       0.00000000
      7.40000000       2.40000000       0.00000000       0.00000000       0.00000000
      7.40000000       2.90000000       0.00000000       0.00000000       0.00000000
      7.40000000       3.40000000       0.00000000       0.00000000       0.00000000
      7.40000000       3.90000000       0.00000000       0.00000000       0.00000000
      7.40000000       4.40000000       0.00000000       0.00000000       0.00000000
      7.40000000       4.90000000       0.00000000       0.00000000       0.00000000
      7.40000000       5.40000000       0.00000000       0.00000000       0.00000000
      7.40000000       5.90000000       0.00000000       0.00000000       0.00000000
      7.40000000       6.40000000       0.00000000       0.00000000       0.00000000
      7.40000000       6.90000000       0.00000000       0.00000000       0.00000000
      7.40000000       7.40000000       0.00000000       0.00000000       0.00000000
      7.40000000       7.90000000       0.00000000       0.00000000       0.00000000
      7.40000000       8.40000000       0.00000000       0.00000000       0.00000000
      7.40000000       8.90000000       0.00000000       0.00000000       0.00000000
      7.40000000       9.40000000       0.00000000       0.00000000       0.00000000
      7.40000000       9.90000000       0.00000000       0.00000000       0.00000000

      7.90000000       1.40000000       0.00000000       0.00000000       0.00000000
      7.90000000       1.90000000       0.00000000       0.00000000       0.00000000
      7.90000000       2.40000000       0.00000000       0.00000000       0.00000000
      7.90000000       2.90000000       0.00000000       0.00000000       0.00000000
      7.90000000       3.40000000       0.00000000       0.00000000       0.00000000
      7.90000000       3.90000000       0.00000000       0.00000000       0.00000000
      7.90000000       4.40000000       0.00000000       0.00000000       0.00000000
      7.90000000       4.90000000       0.00000000       0.00000000       0.00000000
      7.90000000       5.40000000       0.00000000       0.00000000       0.00000000
      7.90000000       5.90000000       0.00000000       0.00000000       0.00000000
      7.90000000       6.40000000       0.00000000       0.00000000       0.00000000
      7.90000000       6.90000000       0.00000000       0.00000000       0.00000000
      7.90000000       7.40000000       0.00000000       0.00000000       0.00000000
      7.90000000       7.90000000       0.00000000       0.00000000       0.00000000
      7.90000000       8.40000000       0.00000000       0.00000000       0.00000000
      7.90000000       8.90000000       0.00000000       0.00000000       0.00000000
      7.90000000       9.40000000       0.00000000       0.00000000       0.00000000
      7.90000000       9.90000000       0.00000000       0.00000000       0.00000000

      8.40000000       1.40000000       0.00000000       0.00000000       0.00000000
      8.40000000       1.90000000       0.00000000       0.00000000       0.00000000
      8.40000000       2.40000000       0.00000000       0.00000000       0.00000000
      8.40000000       2.90000000       0.00000000       0.00000000       0.00000000
      8.40000000       3.40000000       0.00000000       0.00000000       0.00000000
      8.40000000       3.90000000       0.00000000       0.00000000       0.00000000
      8.40000000       4.40000000       0.00000000       0.00000000       0.00000000
      8.40000000       4.90000000       0.00000000       0.00000000       0.00000000
      8.40000000       5.40000000       0.00000000       0.00000000       0.00000000
      8.40000000       5.90000000       0.00000000       0.00000000       0.00000000
      8.40000000       6.40000000       0.00000000       0.00000000       0.00000000
      8.40000000       6.90000000       0.00000000       0.00000000       0.00000000
      8.40000000       7.40000000       0.00000000       0.00000000       0.00000000
      8.40000000       7.90000000       0.00000000       0.00000000       0.00000000
      8.40000000       8.40000000       0.00000000       0.00000000       0.00000000
      8.40000000       8.90000000       0.00000000       0.00000000       0.00000000
      8.40000000       9.40000000       0.00000000       0.00000000       0.00000000
      8.40000000       9.90000000       0.00000000       0.00000000       0.00000000

      8.90000000       1.40000000       0.00000000       0.00000000       0.00000000
      8.90000000       1.90000000       0.00000000       0.00000000       0.00000000
      8.90000000       2.40000000       0.00000000       0.00000000       0.00000000
      8.90000000       2.90000000       0.00000000       0.00000000       0.00000000
      8.90000000       3.40000000       0.00000000       0.00000000       0.00000000
      8.90000000       3.90000000       0.00000000       0.00000000       0.00000000
      8.90000000       4.40000000       0.00000000       0.00000000       0.00000000
      8.90000000       4.90000000       0.00000000       0.00000000       0.00000000
      8.90000000       5.40000000       0.00000000       0.00000000       0.00000000
      8.90000000       5.90000000       0.00000000       0.00000000       0.00000000
      8.90000000       6.40000000       0.00000000       0.00000000       0.00000000
      8.90000000       6.90000000       0.00000000       0.00000000       0.00000000
      8.90000000       7.40000000       0.00000000       0.00000000       0.00000000
      8.90000000       7.90000000       0.00000000       0.00000000       0.00000000
      8.90000000       8.40000000       0.00000000       0.00000000       0.00000000
      8.90000000       8.90000000       0.00000000       0.00000000       0.00000000
      8.90000000       9.40000000       0.00000000       0.00000000       0.00000000
      8.90000000       9.90000000       0.00000000       0.00000000       0.00000000

      9.40000000       1.40000000       0.00000000       0.00000000       0.00000000
      9.40000000       1.90000000       0.00000000       0.00000000       0.00000000
      9.40000000       2.40000000       0.00000000       0.00000000       0.00000000
      9.40000000       2.90000000       0.00000000       0.00000000       0.00000000
      9.40000000       3.40000000       0.00000000       0.00000000       0.00000000
      9.40000000       3.90000000       0.00000000       0.00000000       0.00000000
      9.40000000       4.40000000       0.00000000       0.00000000       0.00000000
      9.40000000       4.90000000       0.00000000       0.00000000       0.00000000
      9.40000000       5.40000000       0.00000000       0.00000000       0.00000000
      9.40000000       5.90000000       0.00000000       0.00000000       0.00000000
      9.40000000       6.40000000       0.00000000       0.00000000       0.00000000
      9.40000000       6.90000000       0.00000000       0.00000000       0.00000000
      9.40000000       7.40000000       0.00000000       0.00000000       0.00000000
      9.40000000       7.90000000       0.00000000       0.00000000       0.00000000
      9.40000000       8.40000000       0.00000000       0.00000000       0.00000000
      9.40000000       8.90000000       0.00000000       0.00000000       0.00000000
      9.40000000       9.40000000       0.00000000       0.00000000       0.00000000
      9.40000000       9.90000000       0.00000000       0.00000000       0.00000000

      9.90000000       1.40000000       0.00000000       0.00000000       0.00000000
      9.90000000       1.90000000       0.00000000       0.00000000       0.00000000
      9.90000000       2.40000000       0.00000000       0.00000000       0.00000000
      9.90000000       2.90000000       0.00000000       0.00000000       0.00000000
      9.90000000       3.40000000       0.00000000       0.00000000       0.00000000
      9.90000000       3.90000000       0.00000000       0.00000000       0.00000000
      9.90000000       4.40000000       0.00000000       0.00000000       0.00000000
      9.90000000       4.90000000       0.00000000       0.00000000       0.00000000
      9.90000000       5.40000000       0.00000000       0.00000000       0.00000000
      9.90000000       5.90000000       0.00000000       0.00000000       0.00000000
      9.90000000       6.40000000       0.00000000       0.00000000       0.00000000
      9.90000000       6.90000000       0.00000000       0.00000000       0.00000000
      9.90000000       7.40000000       0.00000000       0.00000000       0.00000000
      9.90000000       7.90000000       0.00000000       0.00000000       0.00000000
      9.90000000       8.40000000       0.00000000       0.00000000       0.00000000
      9.90000000       8.90000000       0.00000000       0.00000000       0.00000000
      9.90000000       9.40000000       0.00000000       0.00000000       0.00000000
      9.90000000       9.90000000       0.00000000       0.00000000       0.00000000

